393 863 11 29
675 133 15 26
690 605 25 22
342 752 19 17
840 36 14 18
671 653 10 23
685 354 25 18
101 902 13 24
700 319 21 20
221 880 28 15
560 609 10 14
471 549 23 14
150 849 27 14
953 65 29 23
955 88 11 10
859 624 21 19
869 902 16 29
126 834 24 17
873 627 18 15
853 240 18 28
863 830 18 11
54 732 20 23
253 825 20 10
261 710 14 13
383 456 24 25
792 324 28 19
163 336 11 12
983 534 14 11
879 249 11 23
702 348 21 28
730 51 18 18
709 647 26 26
850 90 26 28
56 194 14 14
285 967 23 28
868 281 27 22
243 692 11 18
111 508 15 20
851 414 23 12
717 593 10 24
61 369 18 13
491 754 25 24
227 891 18 25
227 893 27 19
711 780 19 23
89 576 14 28
734 966 28 19
653 968 20 20
913 451 24 19
699 125 21 25
99 917 12 25
789 137 13 22
534 657 17 24
119 962 25 12
115 16 21 19
513 833 16 28
500 501 22 12
950 424 25 21
960 443 24 21
718 539 11 16
732 525 24 14
305 577 16 17
866 514 22 21
357 85 14 22
450 285 19 11
806 136 21 11
797 916 12 16
247 681 22 10
237 705 12 27
749 342 28 28
304 932 10 14
206 388 26 12
930 621 23 26
590 123 18 23
404 510 29 20
654 314 28 20
112 363 13 22
705 823 11 21
537 561 17 11
592 380 12 19
755 159 15 18
459 831 15 11
566 722 28 23
620 664 20 11
56 601 10 17
850 112 11 25
972 347 16 16
758 971 22 20
517 232 15 10
562 634 12 16
826 979 17 15
296 619 26 18
171 49 15 23
945 85 12 26
515 355 11 15
303 967 11 24
966 9 24 17
643 321 11 12
607 657 17 22
429 596 23 11
825 913 24 13
281 826 10 29
582 189 19 24
96 379 16 22
819 573 19 20
346 474 25 22
139 804 10 19
870 708 22 23
306 534 17 20
494 285 23 20
177 784 22 22
195 43 26 26
346 519 28 27
206 206 21 20
648 703 24 27
762 940 17 14
706 393 18 14
602 533 24 19
150 232 17 19
729 430 20 16
343 706 17 29
99 87 13 10
939 647 16 28
365 749 17 20
835 517 28 12
574 742 11 16
143 934 13 24
31 394 21 14
658 11 29 12
372 659 14 15
148 362 26 20
623 285 13 12
560 113 11 27
162 759 27 19
198 86 13 28
614 528 19 10
291 770 11 25
666 137 23 16
497 623 10 14
651 306 24 28
352 623 28 13
849 745 12 20
950 726 24 15
208 134 3 10
206 33 24 13
310 552 11 17
403 469 12 21
710 742 29 17
732 322 25 25
89 250 24 20
960 740 28 21
401 809 23 24
552 945 21 12
688 254 27 11
754 921 21 15
648 820 11 29
797 821 22 12
34 324 10 11
949 332 15 20
175 539 14 27
920 467 19 18
577 161 20 18
937 936 13 25
353 561 15 11
172 764 10 23
94 399 13 11
163 909 16 18
357 597 3 12
185 779 11 11
287 531 18 24
927 200 11 21
811 581 16 10
844 123 10 19
60 348 17 27
8 894 17 22
750 914 18 14
116 404 12 19
962 96 16 29
243 711 21 12
393 388 10 15
961 2 20 19
887 982 29 14
848 882 24 11
504 181 29 16
197 201 15 28
231 690 13 17
187 517 25 16
720 121 12 23
951 12 20 28
93 553 14 25
517 941 26 18
820 868 21 18
635 80 15 19
37 444 18 23
490 179 23 20
132 227 23 18
599 732 11 28
98 468 19 13
443 817 29 10
455 490 26 18
113 555 14 18
875 192 14 10
676 918 22 20
63 240 29 24
140 887 14 11
251 326 15 28
281 588 21 12
179 697 10 21
622 288 24 14
842 904 21 25
432 451 26 12
57 971 10 18
112 584 25 24
894 775 27 26
474 954 10 24
261 690 14 23
849 355 22 20
215 671 29 20
159 3 13 18
665 58 19 21
428 429 20 26
215 886 21 22
330 55 16 15
195 974 12 11
522 395 11 18
790 632 29 10
733 818 16 28
288 569 17 23
891 893 16 18
889 2 19 27
333 67 14 27
441 589 23 27
310 967 18 15
246 232 11 27
970 432 22 22
521 635 28 27
877 357 17 17
295 811 29 26
500 359 12 16
684 340 23 10
878 507 25 21
162 643 22 21
580 769 18 23
708 841 10 10
832 549 29 28
841 551 13 23
685 307 15 12
367 82 22 19
631 393 12 10
171 25 12 27
749 695 22 12
598 374 10 24
330 677 12 17
717 333 28 27
578 535 17 14
531 970 14 12
966 727 20 19
324 661 15 23
360 362 13 13
718 334 29 17
96 882 20 14
117 586 14 19
435 406 17 26
138 822 27 27
741 819 22 29
375 55 26 12
979 537 11 27
365 89 28 17
112 224 27 11
720 425 16 29
933 760 12 19
886 627 25 23
179 973 25 20
68 445 14 19
200 432 26 11
713 521 26 23
180 49 15 22
753 862 17 16
345 523 13 27
547 22 22 16
47 248 11 29
816 132 18 26
453 647 15 28
175 907 12 16
883 447 18 18
642 733 10 16
330 200 10 12
672 331 18 28
305 477 13 28
840 853 19 29
520 341 25 10
32 142 27 14
495 365 21 18
920 906 29 15
136 138 23 17
520 222 14 17
407 494 27 23
801 847 14 20
958 57 25 12
858 448 12 23
434 600 29 14
501 544 22 12
287 912 25 25
649 786 17 24
565 27 10 28
555 763 29 24
967 278 14 27
721 638 21 14
516 719 27 14
705 347 16 11
552 227 28 14
963 611 26 25
680 603 23 26
609 277 18 24
520 242 25 24
699 261 15 20
21 854 21 21
364 284 19 12
311 844 21 20
365 565 29 29
918 161 24 29
364 300 28 12
564 764 23 11
107 145 16 14
352 938 19 23
174 247 3 7
22 461 22 19
753 987 10 4
241 955 16 22
752 239 11 17
670 222 23 26
805 497 26 19
370 371 14 23
242 891 11 15
33 714 18 16
326 449 14 13
29 402 4 4
704 920 21 15
321 100 28 26
645 314 14 18
930 942 22 20
874 694 24 17
402 121 12 13
119 807 10 18
97 566 20 16
500 574 22 29
297 478 14 22
695 622 22 11
167 553 12 17
302 432 27 20
365 229 20 18
241 438 23 27
585 666 17 19
363 537 18 28
104 241 21 13
187 79 24 17
833 496 20 14
119 102 16 10
566 44 18 16
423 662 11 20
112 383 11 21
719 103 24 10
406 200 19 23
506 29 10 22
390 592 13 10
156 737 15 18
29 366 23 24
93 6 19 17
700 449 16 27
790 148 29 26
532 399 25 25
433 594 26 13
473 646 22 23
512 230 19 23
801 195 12 22
777 377 22 28
913 631 12 18
473 550 13 11
812 17 15 20
928 494 21 25
684 902 27 28
326 10 28 10
764 966 24 22
288 826 25 28
560 820 10 24
77 79 15 26
716 389 27 27
373 572 16 21
63 51 12 17
801 830 17 16
370 111 29 14
343 552 19 26
915 934 28 24
729 782 17 15
410 881 20 24
853 463 10 23
877 193 10 17
401 0 29 10
190 53 19 11
616 78 27 19
456 557 24 26
594 978 18 12
612 95 12 20
177 417 18 20
628 744 29 18
711 327 15 21
953 616 20 19
94 6 20 14
272 825 10 29
200 177 17 27
937 919 25 25
708 394 26 20
945 638 11 12
780 788 25 22
870 895 25 11
518 655 4 7
168 421 27 10
493 188 29 11
695 448 26 13
849 767 25 27
77 407 14 28
359 669 21 13
318 861 29 11
690 29 22 13
244 318 10 15
328 57 10 26
347 103 22 28
154 4 16 28
586 682 12 27
147 841 11 22
781 328 24 22
421 952 22 20
297 347 13 25
184 278 15 18
833 848 12 17
84 16 24 17
541 236 10 18
510 915 18 19
599 595 20 29
303 478 27 24
129 964 10 6
915 455 21 18
271 905 18 28
718 891 27 25
759 667 21 17
793 836 27 13
389 860 24 13
623 312 20 17
758 340 23 18
124 282 10 25
51 460 25 10
26 905 18 15
726 388 21 13
369 200 29 26
739 52 15 22
543 822 26 27
31 506 14 16
440 575 14 20
706 621 18 26
788 388 22 10
650 121 29 28
43 439 20 13
807 451 21 15
897 456 12 14
948 82 17 24
44 612 13 13
876 820 10 17
899 780 4 4
878 214 23 18
954 136 13 15
424 200 24 17
745 774 20 29
341 545 22 19
493 767 13 14
551 644 24 22
501 550 28 16
133 300 13 20
882 971 19 18
590 200 18 13
254 691 13 24
89 154 16 11
327 14 19 15
575 486 25 18
382 592 22 22
433 216 21 23
978 610 17 24
65 312 14 22
447 5 26 24
298 690 27 18
146 877 22 17
280 458 24 26
813 237 22 26
220 135 23 20
78 314 11 22
918 506 24 12
801 762 14 27
440 597 23 17
472 498 27 26
407 460 15 14
55 131 29 23
617 388 16 10
164 333 21 28
742 878 27 22
148 127 16 14
211 112 29 24
432 685 11 29
557 191 18 23
131 824 19 28
545 634 26 29
264 663 28 12
42 323 12 12
461 162 13 21
153 845 17 11
801 448 10 16
503 581 28 14
487 667 26 12
955 841 17 21
692 938 26 25
804 839 18 15
582 22 28 23
834 83 18 25
72 781 15 17
765 978 12 12
267 565 25 21
252 596 16 16
9 867 23 27
310 50 24 26
34 841 27 12
232 56 26 11
979 45 15 18
738 247 17 29
607 341 25 12
418 20 27 24
926 56 13 18
856 123 23 27
612 299 14 20
311 490 21 19
408 826 23 10
629 88 14 16
908 733 27 26
143 207 21 15
303 545 21 29
975 64 13 28
932 373 28 10
876 417 10 10
193 767 28 25
957 143 13 10
263 432 7 4
949 685 23 21
382 203 11 21
33 640 12 27
312 733 21 12
81 942 12 18
122 809 3 13
252 427 22 23
868 181 26 12
679 972 25 27
765 907 23 25
494 666 19 18
170 701 21 29
807 626 15 11
211 859 12 17
309 498 27 15
960 66 26 28
840 267 20 26
129 847 22 11
158 796 24 26
954 335 10 12
59 755 15 14
963 977 27 11
787 10 26 16
191 497 20 25
232 903 11 26
869 789 20 19
221 378 15 27
155 81 20 21
509 77 19 11
33 676 25 24
715 715 19 11
579 758 27 25
120 902 15 29
208 412 25 21
267 775 28 24
380 105 25 27
356 848 22 14
272 553 25 21
423 951 25 25
207 82 11 29
41 833 12 5
709 543 19 15
79 547 17 17
436 670 15 29
171 244 12 17
278 97 18 23
490 175 22 17
357 285 15 16
764 725 22 29
720 131 24 24
8 331 21 18
289 738 23 24
153 947 16 12
914 637 24 11
611 330 25 16
553 798 28 15
953 776 16 14
928 937 19 17
451 808 26 13
352 592 18 22
775 946 11 23
391 475 14 29
87 760 14 20
599 971 25 29
723 343 11 22
580 166 22 23
366 291 22 18
704 887 20 21
761 883 23 17
352 730 11 12
911 858 13 12
919 466 25 24
321 813 11 11
53 422 29 26
711 514 18 26
455 284 26 18
677 871 23 15
731 648 10 25
53 759 10 13
930 68 25 19
719 918 22 11
108 247 14 23
535 675 28 24
335 112 18 14
254 450 28 26
852 870 12 29
308 752 16 14
299 692 21 19
288 487 20 19
661 5 27 28
672 709 29 19
837 584 12 20
891 935 28 13
808 69 27 25
166 384 28 26
259 688 21 25
54 658 18 10
62 333 12 24
731 92 25 19
129 94 23 21
217 592 16 20
41 909 23 17
865 107 5 7
79 565 23 22
155 187 15 20
873 705 14 26
376 461 25 22
329 6 28 20
723 969 23 11
115 859 12 10
674 888 17 23
703 750 24 24
242 76 14 28
763 842 23 17
310 26 12 10
765 70 21 28
640 316 27 26
143 817 27 13
107 443 29 11
923 904 15 21
969 114 19 13
940 72 10 23
476 848 18 23
348 5 20 10
906 404 24 27
673 694 18 20
112 12 16 14
77 322 21 14
899 104 13 16
202 131 18 25
324 263 13 10
18 921 20 24
690 604 18 26
628 191 14 14
467 632 11 27
32 906 19 21
602 112 14 18
305 692 3 13
12 452 13 29
834 462 18 29
81 782 12 25
824 521 15 17
919 408 20 22
410 712 24 16
442 621 17 26
337 565 25 12
943 607 12 15
716 127 15 16
733 660 26 15
109 855 24 24
236 825 26 27
892 373 26 27
911 789 27 26
704 654 13 24
146 355 11 16
888 105 15 23
143 909 21 26
961 766 16 16
124 856 18 22
170 144 22 26
181 264 22 23
364 22 15 14
702 961 24 24
161 98 25 10
466 546 23 11
463 266 19 26
414 10 18 13
101 396 25 24
69 204 14 20
437 589 15 24
403 899 25 10
429 650 10 16
789 907 28 21
562 783 19 17
11 471 17 14
688 308 13 26
878 300 23 19
455 623 15 23
943 363 19 18
724 715 15 15
891 706 19 14
154 389 20 17
872 140 15 28
940 681 27 14
741 361 24 17
961 282 18 21
62 533 23 17
95 130 23 12
230 581 18 24
344 765 12 18
78 204 22 10
862 294 13 18
131 949 21 15
194 177 23 24
106 68 23 22
745 982 28 17
366 202 25 28
844 75 16 11
765 281 15 10
280 569 26 16
84 458 24 13
930 609 23 11
642 189 12 19
403 474 24 25
489 246 22 18
617 570 25 29
491 557 18 11
252 75 22 18
938 833 18 13
170 336 24 22
857 185 16 15
583 835 5 4
611 181 27 26
811 580 29 17
4 348 12 15
810 853 16 19
681 912 26 16
381 251 28 16
760 734 12 13
771 82 26 11
284 718 17 24
866 347 17 25
78 134 23 26
222 419 22 15
250 440 5 4
438 598 18 19
51 243 23 27
392 176 10 20
61 543 27 17
58 66 25 29
58 808 14 15
483 485 18 24
474 955 25 22
378 379 23 10
882 615 23 18
735 418 25 16
335 191 14 12
638 377 26 18
611 369 17 25
82 769 18 10
929 955 23 13
564 476 12 16
372 742 15 10
476 845 24 18
900 560 29 13
612 196 23 11
808 248 10 25
567 125 20 22
252 601 25 21
382 217 26 25
317 488 27 18
98 390 17 27
954 75 11 21
99 43 10 16
761 81 13 14
6 902 10 10
854 345 25 17
0 778 13 23
445 564 29 27
275 923 17 21
346 744 28 26
428 953 7 17
300 689 13 17
510 728 27 20
246 584 18 14
331 538 24 26
468 664 5 8
25 900 10 15
156 742 16 21
893 211 29 25
80 190 28 19
718 371 20 19
231 676 16 27
217 901 23 26
52 580 12 11
856 307 15 28
515 649 25 20
58 815 21 23
884 633 19 17
4 765 28 17
499 735 12 19
965 971 13 10
855 500 27 11
535 375 24 22
35 615 28 19
513 22 14 18
652 315 15 16
907 375 14 19
284 731 14 14
499 62 22 28
228 319 28 13
596 727 14 10
629 307 23 23
102 294 28 29
458 750 23 17
893 106 15 19
306 817 27 26
295 693 16 23
448 829 21 10
884 418 26 29
239 308 15 23
78 403 26 14
693 349 26 29
151 825 13 19
227 909 17 18
270 671 21 23
568 853 25 14
38 572 26 20
391 849 17 29
570 569 17 24
225 893 11 12
376 520 20 24
909 724 19 13
879 802 29 27
365 41 15 26
554 8 16 17
118 510 3 12
42 659 25 12
46 421 16 25
232 850 18 26
986 21 10 27
138 445 26 15
47 968 20 13
665 686 15 20
864 756 16 18
552 355 25 21
453 482 13 11
839 7 18 16
831 141 11 10
732 806 11 20
59 513 16 25
815 149 25 12
605 288 25 23
144 188 26 14
104 945 16 23
42 153 13 16
785 98 4 10
655 824 17 28
71 516 11 14
169 792 19 20
673 867 27 21
754 435 16 26
301 348 18 12
849 1 19 20
943 952 23 15
299 556 27 18
815 763 28 10
250 437 13 13
437 414 10 11
455 562 13 11
860 11 17 29
146 215 14 18
881 683 11 23
573 571 11 18
394 760 16 21
415 563 14 12
859 54 10 24
78 373 23 27
218 876 19 19
877 151 15 29
41 493 20 29
303 25 12 11
901 490 20 23
113 482 11 26
303 729 11 24
44 352 24 21
767 267 11 23
829 22 17 25
463 277 27 27
752 901 17 28
23 388 17 13
909 572 13 22
976 515 19 27
649 332 23 22
884 401 21 13
946 444 24 10
238 938 25 28
784 744 15 12
299 680 15 22
621 189 29 23
243 257 18 23
631 271 17 25
829 986 10 4
690 445 25 23
856 98 27 11
919 150 17 14
870 887 27 24
747 164 26 21
402 714 15 19
48 321 23 29
544 619 18 25
272 698 21 18
116 647 11 25
313 965 10 17
680 893 29 13
947 664 11 25
169 859 11 13
896 774 11 14
115 142 16 22
690 643 15 27
8 768 24 23
337 490 15 11
375 403 22 16
701 965 15 20
339 541 11 16
502 957 26 12
369 248 24 22
934 4 28 17
242 900 13 21
456 4 20 26
555 623 3 6
424 482 24 25
564 637 5 9
518 545 25 29
354 761 15 16
709 777 20 24
786 817 28 14
105 129 21 13
39 678 4 17
594 621 25 10
123 959 22 16
479 298 28 14
928 84 12 17
924 955 18 27
306 851 13 16
288 830 27 12
83 893 29 18
877 112 10 26
108 870 19 17
370 97 5 3
748 865 23 20
271 92 23 19
603 192 25 28
860 522 29 21
920 412 19 27
473 806 13 13
850 462 14 10
593 184 25 18
894 410 16 16
607 91 11 14
77 331 25 18
770 675 17 11
399 109 26 11
754 706 13 22
863 103 18 21
420 608 22 25
380 97 23 16
463 178 19 12
308 681 11 29
615 479 27 22
101 880 22 26
351 24 16 13
362 609 12 23
421 8 16 11
318 611 18 16
805 32 26 12
702 591 27 22
183 901 20 18
298 552 25 21
457 289 10 25
974 344 15 22
581 743 25 24
704 796 13 10
107 454 17 19
60 837 14 27
95 558 18 17
649 569 24 25
962 733 27 27
500 4 24 25
757 972 24 20
250 331 16 29
392 166 12 13
865 502 20 21
159 221 17 24
266 819 24 21
265 599 11 24
193 557 27 18
15 911 10 16
873 201 10 12
295 830 15 24
674 74 28 16
940 940 16 29
17 893 14 10
575 528 14 13
921 618 16 22
855 713 23 22
935 399 25 21
173 643 17 15
868 425 19 18
168 570 29 14
505 731 19 29
824 139 28 23
818 503 27 28
523 825 11 26
581 833 10 14
766 420 14 21
676 124 22 28
513 258 17 19
188 866 13 28
232 50 24 12
725 533 18 18
753 858 26 28
769 342 8 12
965 296 15 17
920 757 27 16
775 755 21 13
217 953 21 16
121 492 29 24
347 7 12 18
75 763 23 10
336 576 24 26
864 252 29 13
98 633 28 19
539 229 19 10
233 570 24 29
482 251 16 27
812 762 13 17
237 958 22 20
260 694 12 29
492 219 26 27
694 614 22 18
112 276 24 10
158 346 19 15
10 779 10 14
503 16 13 14
690 164 26 23
52 323 16 24
448 595 10 15
744 772 11 20
907 49 27 14
382 474 17 16
642 576 14 16
455 616 20 20
935 657 18 12
941 77 13 14
761 85 11 16
335 643 25 21
154 900 20 13
516 52 14 16
654 318 27 29
102 440 11 10
464 660 18 20
894 884 13 18
986 42 14 13
968 689 22 17
438 492 20 27
506 335 15 29
447 594 23 28
798 504 17 13
40 631 16 28
834 860 19 21
533 597 28 18
744 885 19 18
465 675 11 25
45 571 18 26
133 444 19 12
874 1 19 25
350 463 25 17
92 553 22 19
403 948 24 14
340 104 20 18
399 752 23 12
188 197 13 19
26 481 15 17
903 589 28 24
506 292 7 6
328 258 27 25
978 544 10 29
503 64 12 25
99 931 11 18
200 191 16 12
50 708 25 24
274 799 17 27
636 788 17 18
451 746 13 17
261 428 15 26
329 792 25 19
572 807 19 17
198 609 27 10
104 49 14 15
30 880 16 19
348 160 14 12
895 627 23 14
104 320 22 14
293 535 13 26
230 385 11 28
782 636 27 15
893 926 16 13
822 134 26 12
801 822 17 13
945 0 17 18
778 96 15 18
499 626 5 6
62 526 29 10
528 962 12 13
296 573 14 25
673 398 14 11
223 878 10 15
149 949 24 29
664 391 25 11
234 343 21 15
443 667 24 26
640 986 25 13
664 667 27 28
975 260 24 27
383 868 18 13
374 851 26 18
375 399 25 22
229 904 12 14
581 197 21 15
388 118 13 20
801 193 29 28
949 691 19 25
635 468 11 27
705 38 11 15
777 627 21 12
159 748 13 14
714 809 26 17
169 157 14 29
89 271 24 10
301 700 29 18
509 896 13 22
91 77 10 16
418 401 16 13
93 822 27 18
917 825 24 14
888 871 21 19
583 14 18 13
937 190 21 20
210 855 12 23
905 117 21 25
883 647 19 24
549 663 10 18
737 824 13 22
787 20 11 14
936 834 28 17
50 554 12 10
894 867 21 23
600 105 20 10
412 397 28 18
236 700 25 12
353 798 20 20
744 865 15 17
684 158 18 11
561 196 7 14
149 831 19 14
600 628 22 11
322 680 20 24
185 109 17 23
36 831 21 19
416 603 25 28
180 882 20 25
27 393 11 20
49 564 13 24
543 323 25 23
893 16 29 11
824 724 26 25
739 324 21 17
84 839 11 15
734 816 18 22
525 950 28 12
547 836 22 25
877 190 27 24
88 1 13 28
556 236 28 10
358 566 17 11
447 577 13 29
340 139 27 26
82 934 24 25
475 661 15 28
94 340 10 19
934 608 11 20
72 155 24 27
738 846 13 28
107 436 22 26
416 563 24 20
353 0 11 18
205 911 25 11
50 763 26 25
352 955 19 28
488 649 27 21
28 723 27 15
920 956 18 23
23 641 17 13
437 811 19 10
